[[154,309],[398,539],[651,786],[825,980],[1018,1158],[1188,1337],[1374,1524],[1555,1698],[1737,1881],[1895,2054]]
[[107,422],[593,955]]
[[66,359],[486,762]]
[[46,210],[230,370],[468,618],[719,868],[893,1051],[1088,1241],[1259,1414],[1452,1610],[1626,1783],[1814,1962],[1991,2157]]
[[397,562],[562,742],[742,902],[902,1060],[1060,1232],[1232,1398],[1398,1583],[1583,1760]]
[[39,317]]
[[85,392],[426,739],[784,1071]]
[[379,552],[579,767],[767,973],[991,1171],[1171,1351],[1364,1527],[1543,1697]]
[[63,326],[378,671]]

