#good1: gold_sys_input\good
[[154,309],[398,539],[651,786],[825,980],[1018,1158],[1188,1337],[1374,1524],[1555,1698],[1737,1881],[1895,2054]]
#good2: good_jump2
[[110,425],[594,960]]
#good3: good_jump3
# [[270,565]]
#good4: good_jump4
[[68,363],[490,765]]
#good5: good_jump5
# [[154,438],[480,770]]
#good6: normal_input\good1
[[50,208],[226,375],[472,615],[717,866],[894,1056],[1084,1240],[1261,1416],[1451,1610],[1628,1780],[1810,1962],[1990,2153]]
#inner1: gold_sys_input\inner
[[397,562],[562,742],[742,902],[902,1060],[1060,1232],[1232,1398],[1398,1583],[1583,1760]]
#inner2: inner2
[[39,317]]
#inner3: 
[[85,392],[426,739],[784,1071]]
#outer1: gold_sys_input\outer
[[379,552],[579,767],[767,973],[991,1171],[1171,1351],[1364,1527],[1543,1697]]
#outer2: 
[[63,326],[378,671]]
#outer3:
#[[87,339],[390,668]]
